***Dispersion cerrada lineal con dispersion A
Insertando 19062 elementos... Numero total de colisiones: 172623183
Midiendo tiempos menores a 500 con 10000 it.
         n            t(n)      t(n)/n^0.8          t(n)/n      t(n)/n^1.2
---------------------------------------------------------------------------------------------------
       125       4516.0000        94.89120        36.12800        7.482530
       125       4777.0000       100.37539        38.21600        7.914979
       125       4210.0000        88.46146        33.68000        6.975520
       125       4672.0000        98.16910        37.37600        7.741005
       125       4479.0000        94.11374        35.83200        7.421224
       125       4648.0000        97.66481        37.18400        7.701239
       125       4668.0000        98.08505        37.34400        7.734377
       250       9395.0000       113.38217        37.58000        6.806170
       250       9173.0000       110.70300        36.69200        6.645343
       250       9373.0000       113.11667        37.49200        6.790232
       250       9170.0000       110.66679        36.68000        6.643169
       250       9674.0000       116.74924        38.69600        7.008290
       250       9430.0000       113.80457        37.72000        6.831525
       250       8780.0000       105.96014        35.12000        6.360635
       500      18566.0000       128.68927        37.13200        5.974954
       500      17611.0000       122.06974        35.22200        5.667614
       500      18527.0000       128.41895        37.05400        5.962403
       500      18206.0000       126.19395        36.41200        5.859098
       500      18014.0000       124.86311        36.02800        5.797308
       500      18252.0000       126.51280        36.50400        5.873902
       500      17932.0000       124.29473        35.86400        5.770919
      1000      36641.0000       145.87045        36.64100        5.304328
      1000      36127.0000       143.82418        36.12700        5.229919
      1000      36481.0000       145.23348        36.48100        5.281166
      1000      36307.0000       144.54077        36.30700        5.255977
      1000      37374.0000       148.78857        37.37400        5.410441
      1000      36680.0000       146.02571        36.68000        5.309974
      1000      37634.0000       149.82365        37.63400        5.448080
      2000      71626.0000       163.77466        35.81300        4.711677
      2000      74308.0000       169.90712        37.15400        4.888104
      2000      73144.0000       167.24560        36.57200        4.811534
      2000      74557.0000       170.47646        37.27850        4.904483
      2000      72988.0000       166.88891        36.49400        4.801272
      2000      72681.0000       166.18694        36.34050        4.781077
      2000      74747.0000       170.91090        37.37350        4.916982
      4000     146681.0000       192.63086        36.67025        4.421272
      4000     148487.0000       195.00262        37.12175        4.475709
      4000     144445.0000       189.69440        36.11125        4.353874
      4000     146548.0000       192.45620        36.63700        4.417263
      4000     148996.0000       195.67107        37.24900        4.491051
      4000     148290.0000       194.74390        37.07250        4.469771
      4000     147102.0000       193.18375        36.77550        4.433962
      8000     294550.0000       222.17083        36.81875        4.096800
      8000     292075.0000       220.30401        36.50937        4.062376
      8000     314387.0000       237.13332        39.29838        4.372707
      8000     323144.0000       243.73848        40.39300        4.494505
      8000     320263.0000       241.56543        40.03287        4.454434
      8000     322697.0000       243.40133        40.33713        4.488288
      8000     325335.0000       245.39109        40.66687        4.524979
     16000     639534.0000       277.05606        39.97087        4.129076
     16000     643535.0000       278.78935        40.22094        4.154908
     16000     640896.0000       277.64610        40.05600        4.137869
     16000     634105.0000       274.70413        39.63156        4.094024
     16000     633867.0000       274.60103        39.61669        4.092488
     16000     636894.0000       275.91237        39.80588        4.112031
     16000     638832.0000       276.75194        39.92700        4.124544

***Dispersion cerrada cuadratica con dispersion A
Insertando 19062 elementos... Numero total de colisiones: 2106581
Midiendo tiempos menores a 500 con 10000 it.
         n            t(n)      t(n)/n^0.8          t(n)/n      t(n)/n^1.2
---------------------------------------------------------------------------------------------------
*      125        106.0961         2.22931         0.84877        0.175790
*      125        103.3767         2.17217         0.82701        0.171284
*      125        102.7448         2.15890         0.82196        0.170237
*      125        104.0935         2.18724         0.83275        0.172472
*      125        103.6255         2.17740         0.82900        0.171696
*      125        103.1698         2.16783         0.82536        0.170941
*      125        103.8885         2.18293         0.83111        0.172132
*      250        207.4956         2.50413         0.82998        0.150319
*      250        208.1275         2.51176         0.83251        0.150777
*      250        207.6428         2.50591         0.83057        0.150426
*      250        210.7229         2.54308         0.84289        0.152657
*      250        212.8579         2.56884         0.85143        0.154204
*      250        216.1896         2.60905         0.86476        0.156618
*      250        210.9266         2.54554         0.84371        0.152805
*      500        418.5574         2.90121         0.83711        0.134701
*      500        423.2708         2.93388         0.84654        0.136218
       500        689.0000         4.77577         1.37800        0.221736
       500        537.0000         3.72219         1.07400        0.172819
       500        507.0000         3.51424         1.01400        0.163164
       500        510.0000         3.53504         1.02000        0.164129
*      500        422.3433         2.92745         0.84469        0.135920
      1000       1003.0000         3.99301         1.00300        0.145199
      1000        942.0000         3.75017         0.94200        0.136368
      1000       1002.0000         3.98903         1.00200        0.145054
      1000        889.0000         3.53917         0.88900        0.128696
      1000        910.0000         3.62278         0.91000        0.131736
      1000        849.0000         3.37993         0.84900        0.122905
      1000        891.0000         3.54713         0.89100        0.128985
      2000       1713.0000         3.91682         0.85650        0.112684
      2000       1738.0000         3.97398         0.86900        0.114329
      2000       1680.0000         3.84136         0.84000        0.110513
      2000       1668.0000         3.81392         0.83400        0.109724
      2000       1679.0000         3.83908         0.83950        0.110447
      2000       1662.0000         3.80020         0.83100        0.109329
      2000       1558.0000         3.56241         0.77900        0.102488
      4000       3359.0000         4.41125         0.83975        0.101247
      4000       3441.0000         4.51894         0.86025        0.103719
      4000       3374.0000         4.43095         0.84350        0.101699
      4000       3348.0000         4.39681         0.83700        0.100916
      4000       3337.0000         4.38236         0.83425        0.100584
      4000       3467.0000         4.55309         0.86675        0.104503
      4000       3360.0000         4.41257         0.84000        0.101277
      8000       6728.0000         5.07474         0.84100        0.093578
      8000       6889.0000         5.19618         0.86113        0.095817
      8000       7159.0000         5.39983         0.89487        0.099572
      8000       6938.0000         5.23314         0.86725        0.096498
      8000       6974.0000         5.26029         0.87175        0.096999
      8000       7138.0000         5.38399         0.89225        0.099280
      8000       7020.0000         5.29499         0.87750        0.097639
     16000      13641.0000         5.90949         0.85256        0.088072
     16000      14677.0000         6.35830         0.91731        0.094760
     16000      14320.0000         6.20365         0.89500        0.092455
     16000      14456.0000         6.26256         0.90350        0.093333
     16000      14122.0000         6.11787         0.88262        0.091177
     16000      13900.0000         6.02170         0.86875        0.089744
     16000      13860.0000         6.00437         0.86625        0.089485

***Dispersion cerrada doble con dispersion A
Insertando 19062 elementos... Numero total de colisiones: 1451531
Midiendo tiempos menores a 500 con 10000 it.
         n            t(n)      t(n)/n^0.8          t(n)/n      t(n)/n^1.2
---------------------------------------------------------------------------------------------------
*      125         94.8104         1.99218         0.75848        0.157091
*      125         93.3079         1.96061         0.74646        0.154601
*      125         94.7075         1.99002         0.75766        0.156920
*      125         93.1641         1.95758         0.74531        0.154363
*      125         95.2947         2.00235         0.76236        0.157893
*      125         94.7295         1.99048         0.75784        0.156957
*      125         94.1713         1.97875         0.75337        0.156032
*      250        189.8378         2.29103         0.75935        0.137527
*      250        188.2541         2.27192         0.75302        0.136380
*      250        186.3538         2.24898         0.74542        0.135003
*      250        187.1970         2.25916         0.74879        0.135614
*      250        185.6972         2.24106         0.74279        0.134528
*      250        186.0066         2.24479         0.74403        0.134752
*      250        186.4079         2.24964         0.74563        0.135042
       500        546.0000         3.78457         1.09200        0.175715
*      500        376.3348         2.60855         0.75267        0.121113
       500        594.0000         4.11728         1.18800        0.191162
*      500        375.5151         2.60286         0.75103        0.120849
*      500        376.9339         2.61270         0.75387        0.121306
       500        753.0000         5.21938         1.50600        0.242332
       500        599.0000         4.15194         1.19800        0.192772
      1000        984.0000         3.91737         0.98400        0.142449
      1000        903.0000         3.59491         0.90300        0.130723
      1000        854.0000         3.39984         0.85400        0.123629
      1000        888.0000         3.53519         0.88800        0.128551
      1000        848.0000         3.37595         0.84800        0.122761
      1000        771.0000         3.06941         0.77100        0.111614
      1000        784.0000         3.12116         0.78400        0.113496
      2000       1591.0000         3.63786         0.79550        0.104659
      2000       1572.0000         3.59442         0.78600        0.103409
      2000       1623.0000         3.71103         0.81150        0.106764
      2000       1502.0000         3.43436         0.75100        0.098804
      2000       1456.0000         3.32918         0.72800        0.095778
      2000       1526.0000         3.48924         0.76300        0.100383
      2000       1486.0000         3.39778         0.74300        0.097752
      4000       3199.0000         4.20113         0.79975        0.096425
      4000       2953.0000         3.87807         0.73825        0.089010
      4000       3375.0000         4.43227         0.84375        0.101730
      4000       3119.0000         4.09607         0.77975        0.094013
      4000       2994.0000         3.93191         0.74850        0.090245
      4000       3071.0000         4.03303         0.76775        0.092566
      4000       2981.0000         3.91484         0.74525        0.089854
      8000       6241.0000         4.70741         0.78012        0.086804
      8000       6031.0000         4.54901         0.75387        0.083883
      8000       5828.0000         4.39590         0.72850        0.081060
      8000       6053.0000         4.56561         0.75662        0.084189
      8000       6699.0000         5.05287         0.83737        0.093174
      8000       6350.0000         4.78963         0.79375        0.088320
      8000       6420.0000         4.84243         0.80250        0.089294
     16000      12402.0000         5.37274         0.77512        0.080072
     16000      12005.0000         5.20075         0.75031        0.077509
     16000      12477.0000         5.40523         0.77981        0.080556
     16000      11976.0000         5.18819         0.74850        0.077322
     16000      12197.0000         5.28393         0.76231        0.078748
     16000      12775.0000         5.53433         0.79844        0.082480
     16000      12574.0000         5.44725         0.78587        0.081183

***Dispersion cerrada lineal con dispersion B
Insertando 19062 elementos... Numero total de colisiones: 16965
Midiendo tiempos menores a 500 con 10000 it.
         n            t(n)      t(n)/n^0.8          t(n)/n      t(n)/n^1.2
---------------------------------------------------------------------------------------------------
*      125          7.9548         0.16715         0.06364        0.013180
*      125          7.8840         0.16566         0.06307        0.013063
*      125          7.8677         0.16532         0.06294        0.013036
*      125          7.8763         0.16550         0.06301        0.013050
*      125          7.8149         0.16421         0.06252        0.012948
*      125          7.8075         0.16405         0.06246        0.012936
*      125          8.0832         0.16985         0.06467        0.013393
*      250         15.8912         0.19178         0.06356        0.011512
*      250         15.8048         0.19074         0.06322        0.011450
*      250         15.7009         0.18948         0.06280        0.011374
*      250         16.0021         0.19312         0.06401        0.011593
*      250         15.7057         0.18954         0.06282        0.011378
*      250         15.7330         0.18987         0.06293        0.011398
*      250         15.5694         0.18790         0.06228        0.011279
*      500         31.3767         0.21749         0.06275        0.010098
*      500         31.5353         0.21859         0.06307        0.010149
*      500         31.8938         0.22107         0.06379        0.010264
*      500         31.8477         0.22075         0.06370        0.010249
*      500         31.8183         0.22055         0.06364        0.010240
*      500         31.6129         0.21912         0.06323        0.010174
*      500         31.5495         0.21868         0.06310        0.010153
*     1000         63.9721         0.25468         0.06397        0.009261
*     1000         64.7330         0.25771         0.06473        0.009371
*     1000         63.4469         0.25259         0.06345        0.009185
*     1000         63.1880         0.25156         0.06319        0.009147
*     1000         63.3052         0.25202         0.06331        0.009164
*     1000         62.8598         0.25025         0.06286        0.009100
*     1000         63.1225         0.25130         0.06312        0.009138
*     2000        127.0987         0.29061         0.06355        0.008361
*     2000        127.4082         0.29132         0.06370        0.008381
*     2000        127.2512         0.29096         0.06363        0.008371
*     2000        150.6304         0.34442         0.07532        0.009909
*     2000        127.7376         0.29208         0.06387        0.008403
*     2000        127.8591         0.29235         0.06393        0.008411
*     2000        127.8816         0.29240         0.06394        0.008412
      4000        654.0000         0.85887         0.16350        0.019713
      4000        585.0000         0.76826         0.14625        0.017633
*     4000        254.9784         0.33485         0.06374        0.007686
      4000        584.0000         0.76695         0.14600        0.017603
*     4000        257.0900         0.33763         0.06427        0.007749
      4000        652.0000         0.85625         0.16300        0.019653
      4000        579.0000         0.76038         0.14475        0.017452
      8000        877.0000         0.66150         0.10963        0.012198
      8000        653.0000         0.49254         0.08163        0.009082
      8000        679.0000         0.51215         0.08488        0.009444
      8000        570.0000         0.42994         0.07125        0.007928
      8000        578.0000         0.43597         0.07225        0.008039
      8000        550.0000         0.41485         0.06875        0.007650
      8000        541.0000         0.40806         0.06763        0.007525
     16000        994.0000         0.43062         0.06212        0.006418
     16000       1060.0000         0.45921         0.06625        0.006844
     16000        980.0000         0.42455         0.06125        0.006327
     16000       1003.0000         0.43452         0.06269        0.006476
     16000        984.0000         0.42628         0.06150        0.006353
     16000        994.0000         0.43062         0.06212        0.006418
     16000       1002.0000         0.43408         0.06263        0.006469

***Dispersion cerrada cuadrática con dispersion B
Insertando 19062 elementos... Numero total de colisiones: 13366
Midiendo tiempos menores a 500 con 10000 it.
         n            t(n)      t(n)/n^0.8          t(n)/n      t(n)/n^1.2
---------------------------------------------------------------------------------------------------
*      125          8.0246         0.16861         0.06420        0.013296
*      125          7.9041         0.16608         0.06323        0.013096
*      125          8.0504         0.16916         0.06440        0.013339
*      125          7.9142         0.16629         0.06331        0.013113
*      125          8.0981         0.17016         0.06478        0.013418
*      125          8.0384         0.16890         0.06431        0.013319
*      125          8.0661         0.16949         0.06453        0.013365
*      250         16.2367         0.19595         0.06495        0.011763
*      250         15.9070         0.19197         0.06363        0.011524
*      250         15.9225         0.19216         0.06369        0.011535
*      250         15.9185         0.19211         0.06367        0.011532
*      250         15.9710         0.19274         0.06388        0.011570
*      250         15.8393         0.19115         0.06336        0.011475
*      250         15.9655         0.19268         0.06386        0.011566
*      500         32.0768         0.22234         0.06415        0.010323
*      500         32.6653         0.22642         0.06533        0.010512
*      500         31.8663         0.22088         0.06373        0.010255
*      500         32.4651         0.22503         0.06493        0.010448
*      500         32.4832         0.22516         0.06497        0.010454
*      500         32.0740         0.22232         0.06415        0.010322
*      500         32.0401         0.22208         0.06408        0.010311
*     1000         63.7954         0.25397         0.06380        0.009235
*     1000         63.8077         0.25402         0.06381        0.009237
*     1000         63.8993         0.25439         0.06390        0.009250
*     1000         63.8531         0.25420         0.06385        0.009244
*     1000         63.7833         0.25393         0.06378        0.009234
*     1000         63.7653         0.25385         0.06377        0.009231
*     1000         63.9052         0.25441         0.06391        0.009251
*     2000        130.8555         0.29920         0.06543        0.008608
*     2000        129.9766         0.29719         0.06499        0.008550
*     2000        127.7987         0.29221         0.06390        0.008407
*     2000        127.5306         0.29160         0.06377        0.008389
*     2000        128.1922         0.29311         0.06410        0.008433
*     2000        129.2183         0.29546         0.06461        0.008500
*     2000        129.1171         0.29523         0.06456        0.008494
      4000        536.0000         0.70391         0.13400        0.016156
      4000        529.0000         0.69472         0.13225        0.015945
*     4000        258.9724         0.34010         0.06474        0.007806
      4000        591.0000         0.77614         0.14775        0.017814
*     4000        256.8166         0.33727         0.06420        0.007741
      4000        649.0000         0.85231         0.16225        0.019562
      4000        619.0000         0.81291         0.15475        0.018658
      8000        898.0000         0.67734         0.11225        0.012490
      8000        665.0000         0.50159         0.08313        0.009249
      8000        651.0000         0.49103         0.08138        0.009055
      8000        567.0000         0.42767         0.07087        0.007886
      8000        533.0000         0.40203         0.06663        0.007413
      8000        521.0000         0.39298         0.06513        0.007246
      8000        525.0000         0.39599         0.06563        0.007302
     16000       1003.0000         0.43452         0.06269        0.006476
     16000        995.0000         0.43105         0.06219        0.006424
     16000       1080.0000         0.46787         0.06750        0.006973
     16000       1019.0000         0.44145         0.06369        0.006579
     16000       1023.0000         0.44318         0.06394        0.006605
     16000        986.0000         0.42715         0.06162        0.006366
     16000        988.0000         0.42802         0.06175        0.006379

***Dispersion cerrada doble con dispersion B
Insertando 19062 elementos... Numero total de colisiones: 19401
Midiendo tiempos menores a 500 con 10000 it.
         n            t(n)      t(n)/n^0.8          t(n)/n      t(n)/n^1.2
---------------------------------------------------------------------------------------------------
*      125          8.6758         0.18230         0.06941        0.014375
*      125          8.8502         0.18596         0.07080        0.014664
*      125          8.7973         0.18485         0.07038        0.014576
*      125          8.7300         0.18344         0.06984        0.014465
*      125          8.7259         0.18335         0.06981        0.014458
*      125          8.6958         0.18272         0.06957        0.014408
*      125          8.8067         0.18505         0.07045        0.014592
*      250         17.6123         0.21255         0.07045        0.012759
*      250         17.4818         0.21098         0.06993        0.012665
*      250         17.7456         0.21416         0.07098        0.012856
*      250         17.4372         0.21044         0.06975        0.012632
*      250         18.0796         0.21819         0.07232        0.013098
*      250         17.7280         0.21395         0.07091        0.012843
*      250         17.5740         0.21209         0.07030        0.012731
*      500         35.5812         0.24663         0.07116        0.011451
*      500         35.1526         0.24366         0.07031        0.011313
*      500         35.5499         0.24641         0.07110        0.011441
*      500         35.2345         0.24423         0.07047        0.011339
*      500         35.6342         0.24700         0.07127        0.011468
*      500         35.7261         0.24763         0.07145        0.011497
*      500         35.6031         0.24678         0.07121        0.011458
*     1000         71.0738         0.28295         0.07107        0.010289
*     1000         70.4014         0.28027         0.07040        0.010192
*     1000         70.6703         0.28134         0.07067        0.010231
*     1000         70.5353         0.28081         0.07054        0.010211
*     1000         70.4328         0.28040         0.07043        0.010196
*     1000         70.2537         0.27969         0.07025        0.010170
*     1000         70.3367         0.28002         0.07034        0.010182
*     2000        142.5795         0.32601         0.07129        0.009379
*     2000        142.0461         0.32479         0.07102        0.009344
*     2000        141.8135         0.32426         0.07091        0.009329
*     2000        142.8029         0.32652         0.07140        0.009394
*     2000        140.9218         0.32222         0.07046        0.009270
*     2000        140.9092         0.32219         0.07045        0.009269
*     2000        140.9473         0.32228         0.07047        0.009272
      4000        556.0000         0.73017         0.13900        0.016759
      4000        512.0000         0.67239         0.12800        0.015433
*     4000        282.6735         0.37122         0.07067        0.008520
      4000        581.0000         0.76301         0.14525        0.017513
      4000        539.0000         0.70785         0.13475        0.016247
      4000        520.0000         0.68290         0.13000        0.015674
*     4000        282.1483         0.37054         0.07054        0.008505
      8000       1471.0000         1.10953         0.18388        0.020460
      8000        924.0000         0.69695         0.11550        0.012852
      8000        809.0000         0.61021         0.10113        0.011252
      8000        732.0000         0.55213         0.09150        0.010181
      8000        682.0000         0.51441         0.08525        0.009486
      8000        654.0000         0.49329         0.08175        0.009096
      8000        636.0000         0.47972         0.07950        0.008846
     16000       1226.0000         0.53112         0.07662        0.007916
     16000       1194.0000         0.51726         0.07462        0.007709
     16000       1183.0000         0.51249         0.07394        0.007638
     16000       1149.0000         0.49776         0.07181        0.007418
     16000       1177.0000         0.50989         0.07356        0.007599
     16000       1249.0000         0.54109         0.07806        0.008064
     16000       1182.0000         0.51206         0.07387        0.007631
